0.0;
0.0;
0.0;
0.0;
0.0;
0.0;
0.0;
0.0;
0.0;
0.0;
0.0;
0.0;
0.0;
0.0;
0.0;
0.0;
0.0;
0.0;
0.0;
0.0;
0.0;
0.0;
0.0;
0.0;
0.0;
0.0;
0.0;
0.0;
0.0;
0.0;
0.0;
0.0;
0.0;
0.0;
0.0;
0.0;
0.0;
0.0;
0.0;
0.0;
0.0;
0.0;
0.0;
0.0;
0.0;
0.0;
0.0;
0.0;
0.0;
0.0;
0.0;
0.0;
0.0;
0.0;
0.0;
0.0;
0.0;
0.0;
0.0;
0.0;
0.0;
0.0;
0.0;
0.0;
0.0;
0.0;
0.0;
0.0;
0.0;
0.0;
0.0;
0.0;
0.0;
0.0;
0.0;
0.0;
0.0;
0.0;
0.0;
0.0;
0.0;
0.0;
0.0;
0.0;
0.0;
0.0;
0.0;
0.0;
0.0;
0.0;
0.0;
0.0;
0.0;
0.0;
0.0;
0.0;
0.0;
0.0;
0.0;
0.0;
0.0;
0.0;
0.0;
0.0;
0.0;
0.0;
0.0;
0.0;
0.0;
0.0;
0.0;
0.0;
0.0;
0.0;
0.0;
0.0;
0.0;
0.0;
0.0;
0.0;
0.0;
0.0;
0.0;
0.0;
0.0;
0.0;
0.0;
0.0;
0.0;
0.0;
0.0;
0.0;
0.0;
0.0;
0.0;
0.0;
0.0;
0.0;
0.0;
0.0;
0.0;
0.0;
0.0;
0.0;
0.0;
0.0;
0.0;
0.0;
0.0;
0.0;
0.0;
0.0;
0.0;
0.0;
0.0;
0.0;
0.0;
0.0;
0.0;
0.0;
0.0;
0.0;
0.0;
0.0;
0.0;
0.0;
0.0;
0.0;
0.0;
0.0;
0.0;
0.0;
0.0;
0.0;
0.0;
0.0;
0.0;
0.0;
0.0;
0.0;
0.0;
0.0;
0.0;
0.0;
0.0;
0.0;
0.0;
0.0;
0.0;
0.0;
0.0;
0.0;
0.0;
0.0;
0.0;
0.0;
0.0;
0.0;
0.0;
0.0;
0.0;
0.0;
0.0;
0.0;
0.0;
0.0;
0.0;
0.0;
0.0;
0.0;
0.0;
0.0;
0.0;
0.0;
0.0;
0.0;
0.0;
0.0;
0.0;
0.0;
0.0;
0.0;
0.0;
0.0;
0.0;
0.0;
0.0;
0.0;
0.0;
0.0;
8.8261254E-4;
0.0017652251;
0.0026478376;
0.0035304502;
0.0044130627;
0.0052956752;
0.006178288;
0.0070609003;
0.007943513;
0.008826125;
0.009708738;
0.0105913505;
0.011473963;
0.012356576;
0.013239188;
0.014121801;
0.015004413;
0.015887026;
0.016769638;
0.01765225;
0.018534863;
0.019417476;
0.020300088;
0.021182701;
0.022065314;
0.022947926;
0.023830539;
0.024713151;
0.025595764;
0.026478376;
0.027360989;
0.028243601;
0.029126214;
0.030008826;
0.030891439;
0.03177405;
0.032656662;
0.033539277;
0.034421887;
0.0353045;
0.036187112;
0.037069727;
0.037952337;
0.03883495;
0.039717562;
0.040600177;
0.041482788;
0.042365402;
0.043248013;
0.044130627;
0.045013238;
0.045895852;
0.046778463;
0.047661077;
0.048543688;
0.049426302;
0.050308913;
0.051191527;
0.052074138;
0.052956752;
0.053839363;
0.054721978;
0.05560459;
0.056487203;
0.057369813;
0.058252428;
0.05913504;
0.060017653;
0.060900263;
0.061782878;
0.06266549;
0.0635481;
0.06443071;
0.065313324;
0.06619594;
0.06707855;
0.067961164;
0.068843774;
0.06972639;
0.070609;
0.071491614;
0.072374225;
0.07325684;
0.07413945;
0.075022064;
0.075904675;
0.07678729;
0.075904675;
0.07678729;
0.0776699;
0.078552514;
0.078552514;
0.079435125;
0.08031774;
0.081200354;
0.082082964;
0.082965575;
0.08384819;
0.084730804;
0.085613415;
0.086496025;
0.08737864;
0.088261254;
0.089143865;
0.090026475;
0.09090909;
0.091791704;
0.092674315;
0.093556926;
0.094439544;
0.095322154;
0.096204765;
0.097087376;
0.097969994;
0.098852605;
0.099735215;
0.100617826;
0.101500444;
0.100617826;
0.101500444;
0.102383055;
0.103265665;
0.104148276;
0.105030894;
0.104148276;
0.103265665;
0.103265665;
0.104148276;
0.105030894;
0.105913505;
0.106796116;
0.10767873;
0.108561344;
0.109443955;
0.110326566;
0.11120918;
0.112091795;
0.112974405;
0.113857016;
0.11473963;
0.115622245;
0.11473963;
0.113857016;
0.112974405;
0.112091795;
0.11120918;
0.11120918;
0.11120918;
0.110326566;
0.109443955;
0.108561344;
0.108561344;
0.109443955;
0.110326566;
0.11120918;
0.112091795;
0.11120918;
0.11120918;
0.112091795;
0.112974405;
0.113857016;
0.11473963;
0.11473963;
0.115622245;
0.116504855;
0.117387466;
0.11827008;
0.119152695;
0.120035306;
0.12091792;
0.12091792;
0.12091792;
0.12091792;
0.12091792;
0.12091792;
0.12180053;
0.122683145;
0.123565756;
0.123565756;
0.12444837;
0.12533098;
0.1262136;
0.1270962;
0.12797882;
0.12797882;
0.1270962;
0.1262136;
0.12533098;
0.12444837;
0.123565756;
0.122683145;
0.122683145;
0.123565756;
0.12444837;
0.12533098;
0.1262136;
0.1270962;
0.12797882;
0.12886143;
0.12974404;
0.12974404;
0.13062665;
0.13150927;
0.13239188;
0.1332745;
0.1341571;
0.1341571;
0.1341571;
0.13503972;
0.13592233;
0.13680494;
0.13768755;
0.13857017;
0.13945279;
0.13857017;
0.13768755;
0.13680494;
0.13768755;
0.13857017;
0.13945279;
0.1403354;
0.141218;
0.14210062;
0.14298323;
0.14298323;
0.14386584;
0.14474845;
0.14563107;
0.14651369;
0.14563107;
0.14651369;
0.1473963;
0.1482789;
0.14916152;
0.15004413;
0.15092674;
0.15004413;
0.15004413;
0.15092674;
0.15180935;
0.15269198;
0.15357459;
0.1544572;
0.1553398;
0.15622242;
0.15710503;
0.15798764;
0.15887025;
0.15975288;
0.16063549;
0.1615181;
0.1615181;
0.16240071;
0.16328332;
0.16416593;
0.16504854;
0.16593115;
0.16681378;
0.16769639;
0.168579;
0.16946161;
0.16946161;
0.16946161;
0.16946161;
0.17034422;
0.17122683;
0.17210944;
0.17299205;
0.17387468;
0.17475729;
0.1756399;
0.17652251;
0.17740512;
0.17828773;
0.17917034;
0.18005295;
0.18093558;
0.18181819;
0.1827008;
0.18358341;
0.18446602;
0.18534863;
0.18623124;
0.18711385;
0.18799648;
0.18887909;
0.1897617;
0.19064431;
0.19152692;
0.19240953;
0.19329214;
0.19417475;
0.19505738;
0.19593999;
0.1968226;
0.19770521;
0.19858782;
0.19947043;
0.20035304;
0.20123565;
0.20211826;
0.20300089;
0.2038835;
0.20476611;
0.20564872;
0.20653133;
0.20741394;
0.20829655;
0.20917916;
0.21006179;
0.2109444;
0.21182701;
0.21270962;
0.21359223;
0.21447484;
0.21535745;
0.21624006;
0.21712269;
0.2180053;
0.21888791;
0.21977052;
0.22065313;
0.22153574;
0.22241835;
0.22330096;
0.22418359;
0.2250662;
0.22594881;
0.22683142;
0.22771403;
0.22859664;
0.22947925;
0.23036186;
0.23124449;
0.2321271;
0.23300971;
0.23389232;
0.23477493;
0.23565754;
0.23654015;
0.23742276;
0.23830539;
0.239188;
0.24007061;
0.24095322;
0.24183583;
0.24271844;
0.24360105;
0.24448366;
0.24536629;
0.2462489;
0.24713151;
0.24801412;
0.24889673;
0.24977934;
0.25066197;
0.25154456;
0.2524272;
0.2533098;
0.2541924;
0.255075;
0.25595763;
0.25684026;
0.25772285;
0.25860548;
0.25948808;
0.2603707;
0.2612533;
0.26213592;
0.26301855;
0.26390114;
0.26478377;
0.26566637;
0.266549;
0.266549;
0.2674316;
0.2683142;
0.2691968;
0.27007943;
0.27007943;
0.27096206;
0.27184466;
0.27272728;
0.27360988;
0.2744925;
0.2753751;
0.27625772;
0.27714035;
0.27625772;
0.2753751;
0.2744925;
0.2753751;
0.27625772;
0.27714035;
0.27802294;
0.27802294;
0.27890557;
0.27890557;
0.27978817;
0.2806708;
0.2815534;
0.282436;
0.2833186;
0.28420123;
0.28508386;
0.28596646;
0.28684908;
0.28596646;
0.28596646;
0.28684908;
0.28773168;
0.2886143;
0.2894969;
0.29037952;
0.29126215;
0.29214475;
0.29302737;
0.29390997;
0.2947926;
0.2956752;
0.2965578;
0.2974404;
0.29832304;
0.29920566;
0.30008826;
0.30097088;
0.30185348;
0.3027361;
0.3036187;
0.30450132;
0.30538395;
0.30626655;
0.30714917;
0.30803177;
0.3089144;
0.309797;
0.3106796;
0.3106796;
0.309797;
0.3089144;
0.30803177;
0.30714917;
0.30626655;
0.30538395;
0.30450132;
0.3036187;
0.3027361;
0.30185348;
0.30097088;
0.30008826;
0.29920566;
0.29832304;
0.2974404;
0.2965578;
0.2956752;
0.2947926;
0.29390997;
0.29302737;
0.29214475;
0.29126215;
0.29037952;
0.2894969;
0.2886143;
0.28773168;
0.28773168;
0.28684908;
0.28596646;
0.28508386;
0.28420123;
0.2833186;
0.282436;
0.2815534;
0.2806708;
0.27978817;
0.27890557;
0.27802294;
0.27714035;
0.27625772;
0.2753751;
0.2744925;
0.27360988;
0.27272728;
0.27184466;
0.27096206;
0.27007943;
0.2691968;
0.2683142;
0.2674316;
0.266549;
0.26566637;
0.26478377;
0.26390114;
0.26301855;
0.26213592;
0.2612533;
0.26213592;
0.26301855;
0.26390114;
0.26478377;
0.26566637;
0.266549;
0.266549;
0.26566637;
0.26478377;
0.26390114;
0.26478377;
0.26566637;
0.266549;
0.2674316;
0.2683142;
0.2691968;
0.27007943;
0.27096206;
0.27184466;
0.27272728;
0.27360988;
0.2744925;
0.2753751;
0.27625772;
0.27714035;
0.27802294;
0.27890557;
0.27978817;
0.27890557;
0.27802294;
0.27714035;
0.27625772;
0.2753751;
0.2753751;
0.2744925;
0.27360988;
0.27272728;
0.27184466;
0.27272728;
0.27360988;
0.2744925;
0.2753751;
0.27625772;
0.27714035;
0.27802294;
0.27890557;
0.27978817;
0.2806708;
0.2815534;
0.282436;
0.2833186;
0.28420123;
0.28420123;
0.28508386;
0.28596646;
0.28508386;
0.28508386;
0.28596646;
0.28684908;
0.28773168;
0.2886143;
0.2894969;
0.29037952;
0.29126215;
0.29037952;
0.2894969;
0.2894969;
0.2886143;
0.28773168;
0.28684908;
0.28773168;
0.2886143;
0.2894969;
0.29037952;
0.29126215;
0.29214475;
0.29302737;
0.29390997;
0.2947926;
0.2956752;
0.2947926;
0.29390997;
0.29390997;
0.29302737;
0.29302737;
0.29390997;
0.2947926;
0.2947926;
0.2956752;
0.2965578;
0.2974404;
0.29832304;
0.29920566;
0.30008826;
0.30097088;
0.30185348;
0.3027361;
0.3036187;
0.30450132;
0.30538395;
0.30626655;
0.30626655;
0.30626655;
0.30714917;
0.30803177;
0.3089144;
0.309797;
0.3106796;
0.3115622;
0.31244484;
0.3115622;
0.31244484;
0.31244484;
0.31332746;
0.31421006;
0.31509268;
0.31509268;
0.31421006;
0.31332746;
0.31244484;
0.3115622;
0.3106796;
0.3115622;
0.31244484;
0.31244484;
0.3115622;
0.3106796;
0.309797;
0.3089144;
0.30803177;
0.30714917;
0.30626655;
0.30626655;
0.30538395;
0.30626655;
0.30714917;
0.30803177;
0.3089144;
0.309797;
0.3089144;
0.3089144;
0.30803177;
0.30714917;
0.30714917;
0.30803177;
0.3089144;
0.309797;
0.3106796;
0.3115622;
0.3106796;
0.309797;
0.309797;
0.3106796;
0.3115622;
0.31244484;
0.31332746;
0.31421006;
0.31509268;
0.31597528;
0.31509268;
0.31421006;
0.31332746;
0.31332746;
0.31421006;
0.31509268;
0.31597528;
0.31597528;
0.3168579;
0.31597528;
0.31597528;
0.3168579;
0.3168579;
0.3177405;
0.3177405;
0.31862313;
0.31862313;
0.31950575;
0.32038835;
0.32127097;
0.32215357;
0.32215357;
0.3230362;
0.3230362;
0.3239188;
0.32480142;
0.325684;
0.32656664;
0.32656664;
0.32744926;
0.32833186;
0.32921448;
0.33009708;
0.33009708;
0.3309797;
0.3309797;
0.3309797;
0.33009708;
0.3309797;
0.3318623;
0.33274493;
0.33362755;
0.33362755;
0.33362755;
0.33451015;
0.33539277;
0.33627537;
0.337158;
0.337158;
0.337158;
0.33627537;
0.33539277;
0.33451015;
0.33539277;
0.33627537;
0.337158;
0.3380406;
0.33892322;
0.3398058;
0.34068844;
0.34157106;
0.34245366;
0.34333628;
0.34421888;
0.34421888;
0.3451015;
0.3459841;
0.34686673;
0.34774935;
0.34863195;
0.34951457;
0.34951457;
0.35039717;
0.3512798;
0.3521624;
0.35304502;
0.3539276;
0.3539276;
0.35481024;
0.3539276;
0.35304502;
0.3521624;
0.3512798;
0.35039717;
0.34951457;
0.34863195;
0.34774935;
0.34686673;
0.3459841;
0.3451015;
0.34421888;
0.34333628;
0.34245366;
0.34157106;
0.34068844;
0.3398058;
0.33892322;
0.3380406;
0.3380406;
0.3380406;
0.337158;
0.33627537;
0.33539277;
0.33451015;
0.33362755;
0.33274493;
0.3318623;
0.3309797;
0.33009708;
0.32921448;
0.32833186;
0.32744926;
0.32656664;
0.325684;
0.32480142;
0.3239188;
0.3230362;
0.32215357;
0.3230362;
0.3239188;
0.3239188;
0.32480142;
0.325684;
0.32656664;
0.325684;
0.32656664;
0.32744926;
0.32833186;
0.32744926;
0.32656664;
0.32744926;
0.32833186;
0.32921448;
0.33009708;
0.3309797;
0.3309797;
0.3318623;
0.33274493;
0.33362755;
0.33451015;
0.33539277;
0.33627537;
0.337158;
0.3380406;
0.33892322;
0.33892322;
0.3398058;
0.34068844;
0.34157106;
0.34245366;
0.34333628;
0.34421888;
0.3451015;
0.3459841;
0.34686673;
0.34686673;
0.34774935;
0.34863195;
0.34951457;
0.35039717;
0.3512798;
0.35039717;
0.34951457;
0.34863195;
0.34774935;
0.34686673;
0.3459841;
0.3451015;
0.34421888;
0.34333628;
0.34245366;
0.34157106;
0.34068844;
0.3398058;
0.33892322;
0.3380406;
0.337158;
0.33627537;
0.337158;
0.3380406;
0.33892322;
0.3398058;
0.34068844;
0.34157106;
0.34157106;
0.34245366;
0.34333628;
0.34333628;
0.34245366;
0.34245366;
0.34245366;
0.34333628;
0.34421888;
0.3451015;
0.3459841;
0.34686673;
0.34774935;
0.34863195;
0.34951457;
0.34951457;
0.35039717;
0.3512798;
0.3521624;
0.35304502;
0.3521624;
0.3521624;
0.35304502;
0.3539276;
0.35481024;
0.35569286;
0.35657546;
0.35745808;
0.35834068;
0.3592233;
0.3592233;
0.3601059;
0.36098853;
0.36187115;
0.36275375;
0.36363637;
0.36363637;
0.36363637;
0.36363637;
0.36363637;
0.36451897;
0.3654016;
0.3662842;
0.36716682;
0.3662842;
0.36716682;
0.3680494;
0.36893204;
0.3680494;
0.36893204;
0.36981466;
0.36981466;
0.36981466;
0.36981466;
0.36893204;
0.3680494;
0.36716682;
0.3680494;
0.36893204;
0.36981466;
0.37069726;
0.3715799;
0.3715799;
0.3715799;
0.37069726;
0.36981466;
0.36893204;
0.3680494;
0.36716682;
0.3662842;
0.3662842;
0.3662842;
0.3654016;
0.36451897;
0.36451897;
0.36363637;
0.36275375;
0.36275375;
0.36187115;
0.36098853;
0.36098853;
0.3601059;
0.36098853;
0.36187115;
0.36275375;
0.36275375;
0.36187115;
0.36098853;
0.3601059;
0.3592233;
0.35834068;
0.35745808;
0.35657546;
0.35745808;
0.35657546;
0.35569286;
0.35481024;
0.3539276;
0.35481024;
0.35569286;
0.35657546;
0.35569286;
0.35481024;
0.3539276;
0.35304502;
0.3521624;
0.3512798;
0.35039717;
0.34951457;
0.34863195;
0.34774935;
0.34686673;
0.3459841;
0.3451015;
0.3451015;
0.34421888;
0.34421888;
0.34421888;
0.34333628;
0.34245366;
0.34157106;
0.34068844;
0.3398058;
0.33892322;
0.3380406;
0.337158;
0.33627537;
0.33627537;
0.337158;
0.3380406;
0.33892322;
0.33892322;
0.3380406;
0.337158;
0.33627537;
0.33539277;
0.33451015;
0.33451015;
0.33362755;
0.33274493;
0.33274493;
0.3318623;
0.3309797;
0.33009708;
0.33009708;
0.33009708;
0.32921448;
0.33009708;
0.3309797;
0.3309797;
0.3309797;
0.3318623;
0.3318623;
0.3318623;
0.33274493;
0.33362755;
0.33451015;
0.33539277;
0.33627537;
0.33627537;
0.33539277;
0.33627537;
0.33539277;
0.33451015;
0.33362755;
0.33274493;
0.33274493;
0.3318623;
0.3318623;
0.33274493;
0.33362755;
0.33362755;
0.33362755;
0.33274493;
0.3318623;
0.3309797;
0.33009708;
0.3309797;
0.3309797;
0.3309797;
0.3309797;
0.3309797;
0.33009708;
0.32921448;
0.32833186;
0.32744926;
0.32656664;
0.325684;
0.32480142;
0.3239188;
0.3239188;
0.3239188;
0.32480142;
0.3239188;
0.3230362;
0.32215357;
0.32127097;
0.32127097;
0.32038835;
0.31950575;
0.31862313;
0.31950575;
0.32038835;
0.31950575;
0.31862313;
0.3177405;
0.3168579;
0.3168579;
0.3168579;
0.31597528;
0.31509268;
0.31509268;
0.31421006;
0.31332746;
0.31244484;
0.3115622;
0.31244484;
0.31244484;
0.31244484;
0.31244484;
0.31244484;
0.3115622;
0.3106796;
0.309797;
0.309797;
0.3106796;
0.3115622;
0.3115622;
0.3115622;
0.31244484;
0.31332746;
0.31421006;
0.31509268;
0.31597528;
0.3168579;
0.3177405;
0.31862313;
0.31950575;
0.32038835;
0.32127097;
0.32215357;
0.32215357;
0.3230362;
0.3230362;
0.3239188;
0.32480142;
0.32480142;
0.32480142;
0.325684;
0.32480142;
0.3239188;
0.3230362;
0.32215357;
0.32127097;
0.32038835;
0.31950575;
0.31862313;
0.3177405;
0.3168579;
0.31597528;
0.3168579;
0.3168579;
0.31597528;
0.31509268;
0.31509268;
0.31509268;
0.31421006;
0.31509268;
0.31597528;
0.3168579;
0.3177405;
0.31862313;
0.31950575;
0.32038835;
0.32127097;
0.32215357;
0.3230362;
0.3239188;
0.3239188;
0.32480142;
0.325684;
0.32480142;
0.325684;
0.32656664;
0.325684;
0.325684;
0.32656664;
0.32656664;
0.32744926;
0.32833186;
0.32921448;
0.33009708;
0.3309797;
0.3318623;
0.33274493;
0.33362755;
0.33362755;
0.33274493;
0.33362755;
0.33451015;
0.33539277;
0.33539277;
0.33627537;
0.33627537;
0.33539277;
0.33627537;
0.337158;
0.33627537;
0.337158;
0.337158;
0.337158;
0.3380406;
0.33892322;
0.3398058;
0.34068844;
0.34068844;
0.34068844;
0.3398058;
0.34068844;
0.34157106;
0.34245366;
0.34333628;
0.34333628;
0.34333628;
0.34245366;
0.34157106;
0.34068844;
0.3398058;
0.33892322;
0.3380406;
0.337158;
0.33627537;
0.33539277;
0.33451015;
0.33362755;
0.33274493;
0.33274493;
0.3318623;
0.3309797;
0.33009708;
0.32921448;
0.33009708;
0.3309797;
0.3318623;
0.33274493;
0.33362755;
0.33451015;
0.33539277;
0.33451015;
0.33362755;
0.33274493;
0.3318623;
0.3309797;
0.3318623;
0.3309797;
0.33009708;
0.3309797;
0.3318623;
0.3318623;
0.33274493;
0.33362755;
0.33451015;
0.33539277;
0.33627537;
0.337158;
0.3380406;
0.337158;
0.3380406;
0.33892322;
0.3398058;
0.34068844;
0.34157106;
0.34245366;
0.34333628;
0.34421888;
0.3451015;
0.3459841;
0.34686673;
0.34774935;
0.34863195;
0.34951457;
0.35039717;
0.3512798;
0.3521624;
0.35304502;
0.3539276;
0.35481024;
0.35569286;
0.35657546;
0.35745808;
0.35834068;
0.3592233;
0.3601059;
0.36098853;
0.36187115;
0.36275375;
0.36363637;
0.36451897;
0.3654016;
0.3662842;
0.36716682;
0.3680494;
0.36893204;
0.36981466;
0.37069726;
0.3715799;
0.37246248;
0.3733451;
0.3742277;
0.37511033;
0.37599295;
0.37687555;
0.37687555;
0.37775818;
0.37864077;
0.3795234;
0.3795234;
0.380406;
0.380406;
0.3795234;
0.37864077;
0.37775818;
0.37687555;
0.37687555;
0.37775818;
0.37687555;
0.37599295;
0.37511033;
0.3742277;
0.3733451;
0.37246248;
0.3715799;
0.37246248;
0.3733451;
0.37246248;
0.3715799;
0.37069726;
0.36981466;
0.36893204;
0.3680494;
0.36716682;
0.3662842;
0.3654016;
0.36451897;
0.36363637;
0.36275375;
0.36187115;
0.36098853;
0.3601059;
0.3592233;
0.35834068;
0.35745808;
0.35657546;
0.35569286;
0.35481024;
0.3539276;
0.35304502;
0.3521624;
0.3512798;
0.35039717;
0.34951457;
0.34863195;
0.34774935;
0.34686673;
0.3459841;
0.3451015;
0.34421888;
0.34333628;
0.34245366;
0.34157106;
0.34068844;
0.3398058;
0.33892322;
0.3380406;
0.337158;
0.337158;
0.337158;
0.3380406;
0.337158;
0.33627537;
0.33539277;
0.33451015;
0.33362755;
0.33274493;
0.33274493;
0.3318623;
0.3309797;
0.33009708;
0.32921448;
0.32833186;
0.32744926;
0.32656664;
0.325684;
0.32480142;
0.3239188;
0.3230362;
0.32215357;
0.32127097;
0.32038835;
0.31950575;
0.31862313;
0.3177405;
0.3168579;
0.31597528;
0.31509268;
0.31421006;
0.31332746;
0.31244484;
0.31244484;
0.31244484;
0.3115622;
0.3106796;
0.309797;
0.3089144;
0.309797;
0.3106796;
0.309797;
0.3089144;
0.30803177;
0.30714917;
0.30714917;
0.30626655;
0.30538395;
0.30538395;
0.30626655;
0.30714917;
0.30803177;
0.3089144;
0.309797;
0.309797;
0.3089144;
0.309797;
0.3089144;
0.30803177;
0.30714917;
0.30626655;
0.30538395;
0.30450132;
0.3036187;
0.3027361;
0.30185348;
0.30097088;
0.30008826;
0.29920566;
0.29832304;
0.2974404;
0.2965578;
0.2956752;
0.2947926;
0.29390997;
0.29302737;
0.29214475;
0.29126215;
0.29037952;
0.2894969;
0.2886143;
0.28773168;
0.28684908;
0.28596646;
0.28508386;
0.28420123;
0.2833186;
0.28420123;
0.28508386;
0.28596646;
0.28596646;
0.28508386;
0.28420123;
0.2833186;
0.282436;
0.2815534;
0.2806708;
0.27978817;
0.2806708;
0.27978817;
0.27890557;
0.27802294;
0.27714035;
0.27625772;
0.2753751;
0.2744925;
0.27360988;
0.2744925;
0.2753751;
0.27625772;
0.27714035;
0.27802294;
0.27890557;
0.27802294;
0.27890557;
0.27978817;
0.2806708;
0.2815534;
0.2806708;
0.2815534;
0.282436;
0.2833186;
0.28420123;
0.28508386;
0.28420123;
0.28508386;
0.28596646;
0.28508386;
0.28420123;
0.28508386;
0.28596646;
0.28684908;
0.28773168;
0.28773168;
0.2886143;
0.28773168;
0.28773168;
0.28773168;
0.2886143;
0.2894969;
0.29037952;
0.29126215;
0.29214475;
0.29302737;
0.29390997;
0.29302737;
0.29214475;
0.29126215;
0.29037952;
0.2894969;
0.2886143;
0.28773168;
0.28684908;
0.28596646;
0.28508386;
0.28420123;
0.2833186;
0.282436;
0.2815534;
0.282436;
0.2815534;
0.2806708;
0.27978817;
0.27890557;
0.27802294;
0.27714035;
0.27625772;
0.2753751;
0.2744925;
0.27360988;
0.27272728;
0.27184466;
0.27096206;
0.27007943;
0.2691968;
0.2683142;
0.2674316;
0.266549;
0.26566637;
0.26478377;
0.26390114;
0.26301855;
0.26213592;
0.2612533;
0.2603707;
0.25948808;
0.25860548;
0.25772285;
0.25684026;
0.25595763;
0.255075;
0.2541924;
0.2533098;
0.2524272;
0.25154456;
0.25066197;
0.24977934;
0.24889673;
0.24801412;
0.24713151;
0.2462489;
0.24536629;
0.24448366;
0.24360105;
0.24271844;
0.24183583;
0.24095322;
0.24095322;
0.24183583;
0.24183583;
0.24271844;
0.24360105;
0.24448366;
0.24360105;
0.24271844;
0.24183583;
0.24095322;
0.24007061;
0.239188;
0.239188;
0.23830539;
0.23742276;
0.23654015;
0.23565754;
0.23477493;
0.23389232;
0.23300971;
0.2321271;
0.23124449;
0.23036186;
0.22947925;
0.22859664;
0.22771403;
0.22859664;
0.22859664;
0.22947925;
0.23036186;
0.23124449;
0.2321271;
0.2321271;
0.2321271;
0.23300971;
0.23389232;
0.23477493;
0.23565754;
0.23654015;
0.23742276;
0.23830539;
0.239188;
0.24007061;
0.24095322;
0.24183583;
0.24271844;
0.24360105;
0.24448366;
0.24536629;
0.2462489;
0.2462489;
0.24713151;
0.24801412;
0.24889673;
0.24977934;
0.25066197;
0.25154456;
0.2524272;
0.2533098;
0.2541924;
0.255075;
0.25595763;
0.25684026;
0.25772285;
0.25860548;
0.25948808;
0.2603707;
0.2612533;
0.26213592;
0.26301855;
0.26390114;
0.26478377;
0.26566637;
0.266549;
0.2674316;
0.2674316;
0.2683142;
0.2691968;
0.27007943;
0.27096206;
0.27184466;
0.27272728;
0.27360988;
0.2744925;
0.2753751;
0.27625772;
0.27714035;
0.27802294;
0.27890557;
0.27890557;
0.27890557;
0.27978817;
0.2806708;
0.2815534;
0.282436;
0.2833186;
0.28420123;
0.28508386;
0.28596646;
0.28596646;
0.28684908;
0.28773168;
0.2886143;
0.2894969;
0.29037952;
0.29126215;
0.29214475;
0.29302737;
0.29390997;
0.2947926;
0.2956752;
0.2947926;
0.29390997;
0.2947926;
0.29390997;
0.29302737;
0.29214475;
0.29126215;
0.29214475;
0.29302737;
0.29390997;
0.2947926;
0.2956752;
0.2965578;
0.2974404;
0.29832304;
0.29920566;
0.30008826;
0.30097088;
0.30185348;
0.3027361;
0.3036187;
0.30450132;
0.30538395;
0.30626655;
0.30626655;
0.30626655;
0.30714917;
0.30714917;
0.30803177;
0.3089144;
0.309797;
0.3106796;
0.3106796;
0.3115622;
0.31244484;
0.31244484;
0.31244484;
0.3115622;
0.3106796;
0.309797;
0.3089144;
0.30803177;
0.30714917;
0.30626655;
0.30538395;
0.30450132;
0.3036187;
0.3027361;
0.30185348;
0.30097088;
0.30008826;
0.29920566;
0.29832304;
0.2974404;
0.2965578;
0.2956752;
0.2947926;
0.29390997;
0.29302737;
0.29214475;
0.29126215;
0.29037952;
0.2894969;
0.2886143;
0.28773168;
0.28684908;
0.28596646;
0.28508386;
0.28420123;
0.2833186;
0.282436;
0.2815534;
0.2806708;
0.2815534;
0.282436;
0.2833186;
0.282436;
0.2815534;
0.2806708;
0.27978817;
0.27890557;
0.27802294;
0.27714035;
0.27625772;
0.2753751;
0.27625772;
0.27714035;
0.27802294;
0.27890557;
0.27978817;
0.2806708;
0.2815534;
0.2815534;
0.2815534;
0.2815534;
0.282436;
0.282436;
0.282436;
0.2833186;
0.28420123;
0.28508386;
0.28596646;
0.28684908;
0.28684908;
0.28684908;
0.28773168;
0.2886143;
0.2894969;
0.29037952;
0.29126215;
0.29214475;
0.29302737;
0.29390997;
0.2947926;
0.2947926;
0.29390997;
0.2947926;
0.2956752;
0.2965578;
0.2974404;
0.29832304;
0.2974404;
0.2965578;
0.2965578;
0.2974404;
0.29832304;
0.29920566;
0.29920566;
0.30008826;
0.30097088;
0.30185348;
0.3027361;
0.3036187;
0.30450132;
0.30450132;
0.30450132;
0.3036187;
0.3036187;
0.30450132;
0.30538395;
0.30626655;
0.30714917;
0.30803177;
0.3089144;
0.309797;
0.3106796;
0.309797;
0.3106796;
0.3115622;
0.31244484;
0.31332746;
0.31421006;
0.31509268;
0.31597528;
0.3168579;
0.3177405;
0.31862313;
0.31950575;
0.32038835;
0.32127097;
0.32215357;
0.3230362;
0.3230362;
0.3239188;
0.32480142;
0.32480142;
0.32480142;
0.3239188;
0.32480142;
0.325684;
0.32656664;
0.32744926;
0.32833186;
0.32921448;
0.33009708;
0.3309797;
0.3318623;
0.33274493;
0.33362755;
0.33362755;
0.33362755;
0.33362755;
0.33274493;
0.33274493;
0.33362755;
0.33451015;
0.33539277;
0.33451015;
0.33451015;
0.33362755;
0.33274493;
0.33362755;
0.33362755;
0.33451015;
0.33539277;
0.33627537;
0.33627537;
0.337158;
0.3380406;
0.33892322;
0.3398058;
0.34068844;
0.34157106;
0.34245366;
0.34333628;
0.34333628;
0.34245366;
0.34157106;
0.34068844;
0.34157106;
0.34068844;
0.34068844;
0.34157106;
0.34245366;
0.34333628;
0.34421888;
0.3451015;
0.34421888;
0.34421888;
0.3451015;
0.3459841;
0.34686673;
0.34686673;
0.34774935;
0.34863195;
0.34951457;
0.34951457;
0.34951457;
0.34951457;
0.34951457;
0.34951457;
0.35039717;
0.3512798;
0.3521624;
0.35304502;
0.3539276;
0.35481024;
0.35569286;
0.35569286;
0.35657546;
0.35657546;
0.35657546;
0.35745808;
0.35657546;
0.35657546;
0.35569286;
0.35657546;
0.35745808;
0.35834068;
0.3592233;
0.3601059;
0.36098853;
0.36098853;
0.36098853;
0.36187115;
0.36275375;
0.36363637;
0.36451897;
0.3654016;
0.3654016;
0.3662842;
0.36716682;
0.36716682;
0.3680494;
0.36893204;
0.36893204;
0.3680494;
0.36893204;
0.36981466;
0.37069726;
0.3715799;
0.37246248;
0.3733451;
0.3742277;
0.37511033;
0.37599295;
0.37687555;
0.37775818;
0.37864077;
0.3795234;
0.380406;
0.38128862;
0.3821712;
0.3821712;
0.38128862;
0.38128862;
0.3821712;
0.38305384;
0.38393646;
0.38481906;
0.3857017;
0.38658428;
0.3874669;
0.3883495;
0.38923213;
0.39011475;
0.39099735;
0.39187998;
0.39276257;
0.3936452;
0.3945278;
0.39541042;
0.396293;
0.39717564;
0.39805827;
0.39717564;
0.396293;
0.39541042;
0.396293;
0.39717564;
0.396293;
0.39541042;
0.3945278;
0.3936452;
0.39276257;
0.39187998;
0.39276257;
0.3936452;
0.3945278;
0.39541042;
0.396293;
0.39717564;
0.39805827;
0.39894086;
0.3998235;
0.40070608;
0.4015887;
0.4024713;
0.40335393;
0.40423653;
0.40511915;
0.40600178;
0.40688437;
0.407767;
0.4086496;
0.4086496;
0.40953222;
0.41041481;
0.41129744;
0.41218007;
0.41306266;
0.4139453;
0.41482788;
0.4139453;
0.4139453;
0.41306266;
0.41218007;
0.41306266;
0.4139453;
0.41482788;
0.4157105;
0.4165931;
0.41747573;
0.41835833;
0.41924095;
0.42012358;
0.41924095;
0.42012358;
0.42100617;
0.4218888;
0.4227714;
0.42365402;
0.42453662;
0.42541924;
0.42630187;
0.42630187;
0.42541924;
0.42630187;
0.42541924;
0.42630187;
0.42718446;
0.42718446;
0.42630187;
0.42718446;
0.4280671;
0.4280671;
0.42894968;
0.4298323;
0.4307149;
0.43159753;
0.43248013;
0.43248013;
0.43248013;
0.43248013;
0.43336275;
0.43424538;
0.43512797;
0.4360106;
0.4368932;
0.43777582;
0.43865842;
0.43777582;
0.4368932;
0.4368932;
0.43777582;
0.43865842;
0.43954104;
0.44042367;
0.44042367;
0.44130626;
0.4421889;
0.44307148;
0.4439541;
0.4448367;
0.44571933;
0.44660193;
0.44660193;
0.44748455;
0.44836718;
0.44924977;
0.4501324;
0.451015;
0.45189762;
0.45278022;
0.45366284;
0.45454547;
0.45542806;
0.4563107;
0.4571933;
0.4580759;
0.4580759;
0.4589585;
0.45984113;
0.45984113;
0.46072373;
0.46160635;
0.46248898;
0.46337157;
0.4642542;
0.4651368;
0.46601942;
0.46690202;
0.46778464;
0.46866727;
0.46954986;
0.4704325;
0.4713151;
0.4721977;
0.4730803;
0.47396293;
0.47484553;
0.47572815;
0.47661078;
0.47749338;
0.478376;
0.4792586;
0.48014122;
0.48102382;
0.48190644;
0.48278907;
0.48367167;
0.4845543;
0.4854369;
0.4863195;
0.4872021;
0.48808473;
0.48896733;
0.48984995;
0.49073258;
0.49161518;
0.49073258;
0.49161518;
0.4924978;
0.4933804;
0.49426302;
0.49514562;
0.49602824;
0.49602824;
0.49602824;
0.49602824;
0.49691087;
0.49779347;
0.4986761;
0.49779347;
0.49779347;
0.49779347;
0.49779347;
0.4986761;
0.4995587;
0.5004413;
0.50132394;
0.5022065;
0.50308913;
0.50397176;
0.5048544;
0.505737;
0.5066196;
0.5075022;
0.5083848;
0.50926745;
0.50926745;
0.50926745;
0.5083848;
0.5075022;
0.5066196;
0.5075022;
0.5083848;
0.50926745;
0.51015;
0.51103264;
0.51191527;
0.5127979;
0.5136805;
0.5145631;
0.5154457;
0.51632833;
0.51721096;
0.5180936;
0.51897615;
0.5198588;
0.5207414;
0.5207414;
0.521624;
0.5225066;
0.5233892;
0.52427185;
0.5251545;
0.5260371;
0.52691966;
0.5278023;
0.5286849;
0.52956754;
0.5304501;
0.53133273;
0.53221536;
0.533098;
0.5339806;
0.5348632;
0.5357458;
0.5366284;
0.53751105;
0.5383936;
0.53927624;
0.54015887;
0.5410415;
0.5419241;
0.5428067;
0.5436893;
0.54457194;
0.54545456;
0.5463372;
0.54721975;
0.5481024;
0.548985;
0.548985;
0.5481024;
0.54721975;
0.5463372;
0.54545456;
0.54457194;
0.5436893;
0.5428067;
0.5419241;
0.5410415;
0.54015887;
0.53927624;
0.5383936;
0.53751105;
0.5366284;
0.5357458;
0.5366284;
0.53751105;
0.5383936;
0.53927624;
0.54015887;
0.5410415;
0.5419241;
0.5428067;
0.5436893;
0.54457194;
0.54545456;
0.5463372;
0.54721975;
0.5481024;
0.548985;
0.54986763;
0.5507502;
0.5516328;
0.55251545;
0.5533981;
0.5542807;
0.55516326;
0.5560459;
0.5569285;
0.55781114;
0.5586937;
0.55957633;
0.56045896;
0.5613416;
0.5622242;
0.5631068;
0.5639894;
0.564872;
0.56575465;
0.5666372;
0.56751984;
0.56840247;
0.5692851;
0.5701677;
0.5710503;
0.5719329;
0.57281554;
0.57369816;
0.5745808;
0.57546335;
0.576346;
0.5772286;
0.57811123;
0.5789938;
0.5798764;
0.58075905;
0.5816417;
0.5825243;
0.58340687;
0.5842895;
0.5851721;
0.58605474;
0.5869373;
0.58781993;
0.58870256;
0.5895852;
0.5904678;
0.5913504;
0.592233;
0.5931156;
0.59399825;
0.5948808;
0.59576344;
0.5966461;
0.5975287;
0.5984113;
0.5992939;
0.6001765;
0.60105914;
0.60194176;
0.60282433;
0.60370696;
0.6045896;
0.6054722;
0.60635483;
0.6072374;
0.60812;
0.60812;
0.60900265;
0.6098853;
0.6107679;
0.61165047;
0.6125331;
0.6134157;
0.61429834;
0.6151809;
0.61606354;
0.61694616;
0.6178288;
0.6187114;
0.619594;
0.6204766;
0.6213592;
0.62224185;
0.6231244;
0.62400705;
0.6248897;
0.6257723;
0.6266549;
0.6275375;
0.6284201;
0.62930274;
0.63018537;
0.63106793;
0.63195056;
0.6328332;
0.6337158;
0.63459843;
0.635481;
0.6363636;
0.63724625;
0.6381289;
0.6390115;
0.63989407;
0.6407767;
0.6416593;
0.64254194;
0.6434245;
0.64430714;
0.64518976;
0.6460724;
0.646955;
0.6478376;
0.6487202;
0.64960283;
0.64960283;
0.65048546;
0.651368;
0.65225065;
0.6531333;
0.6540159;
0.6548985;
0.6557811;
0.6566637;
0.65754634;
0.65842897;
0.65931153;
0.66019416;
0.6610768;
0.6619594;
0.66284204;
0.6637246;
0.6646072;
0.66548985;
0.66548985;
0.6663725;
0.6663725;
0.6663725;
0.6672551;
0.66813767;
0.6690203;
0.6699029;
0.6699029;
0.6699029;
0.6699029;
0.6699029;
0.67078555;
0.6716681;
0.67255074;
0.67343336;
0.674316;
0.6751986;
0.6760812;
0.6769638;
0.67784643;
0.67872906;
0.6796116;
0.68049425;
0.6813769;
0.6822595;
0.6822595;
0.6831421;
0.6840247;
0.6831421;
0.6822595;
0.6822595;
0.6831421;
0.6840247;
0.6849073;
0.68578994;
0.68667257;
0.68667257;
0.68578994;
0.68578994;
0.68667257;
0.68667257;
0.68755513;
0.68843776;
0.6893204;
0.690203;
0.69108564;
0.6919682;
0.6928508;
0.69373345;
0.6946161;
0.6954987;
0.6963813;
0.6972639;
0.6981465;
0.69902915;
0.6999117;
0.70079434;
0.70167696;
0.7025596;
0.7034422;
0.7043248;
0.7052074;
0.70609003;
0.70697266;
0.7078552;
0.70873785;
0.70873785;
0.70873785;
0.7096205;
0.7105031;
0.7113857;
0.7113857;
0.7113857;
0.7122683;
0.7131509;
0.71403354;
0.7131509;
0.7122683;
0.7122683;
0.7131509;
0.71403354;
0.71403354;
0.71491617;
0.71579874;
0.71668136;
0.717564;
0.7184466;
0.71932924;
0.7202118;
0.7210944;
0.72197706;
0.7228597;
0.7237423;
0.7246249;
0.7255075;
0.7263901;
0.72727275;
0.7281553;
0.72903794;
0.72992057;
0.72992057;
0.72903794;
0.72992057;
0.7308032;
0.7308032;
0.7308032;
0.7316858;
0.7325684;
0.733451;
0.733451;
0.73433363;
0.73433363;
0.73433363;
0.73521626;
0.7360988;
0.73698145;
0.7378641;
0.7378641;
0.73698145;
0.7360988;
0.73698145;
0.7378641;
0.7387467;
0.7396293;
0.7405119;
0.7413945;
0.74227715;
0.74227715;
0.7431598;
0.74404234;
0.74492496;
0.7458076;
0.7466902;
0.7458076;
0.7466902;
0.74757284;
0.7484554;
0.74933803;
0.75022066;
0.7511033;
0.7519859;
0.7528685;
0.7537511;
0.7546337;
0.75551635;
0.7563989;
0.75728154;
0.75816417;
0.7590468;
0.7599294;
0.760812;
0.7616946;
0.76257724;
0.76345986;
0.7643424;
0.76522505;
0.7661077;
0.7669903;
0.7678729;
0.7687555;
0.7696381;
0.77052075;
0.7714034;
0.77228594;
0.77316856;
0.77316856;
0.7740512;
0.7749338;
0.77581644;
0.776699;
0.77758163;
0.77846426;
0.7793469;
0.7802295;
0.7811121;
0.7819947;
0.7828773;
0.78375995;
0.7846425;
0.78552514;
0.78640777;
0.7872904;
0.788173;
0.7890556;
0.7899382;
0.79082084;
0.79170346;
0.792586;
0.79346865;
0.7943513;
0.7952339;
0.79611653;
0.7969991;
0.7978817;
0.79876435;
0.799647;
0.80052954;
0.80141217;
0.8022948;
0.8031774;
0.80406004;
0.8049426;
0.80582523;
0.80670786;
0.8075905;
0.80847305;
0.8093557;
0.8102383;
0.8111209;
0.81200355;
0.8128861;
0.81376874;
0.81465137;
0.815534;
0.8164166;
0.8164166;
0.8172992;
0.8181818;
0.81906444;
0.81994706;
0.82082963;
0.82171226;
0.8225949;
0.8234775;
0.82436013;
0.8252427;
0.8261253;
0.82700795;
0.8278906;
0.8278906;
0.82877314;
0.82965577;
0.8305384;
0.8305384;
0.8305384;
0.831421;
0.83230364;
0.8331862;
0.83406883;
0.83495146;
0.8358341;
0.83671665;
0.8375993;
0.8384819;
0.8393645;
0.84024715;
0.8411297;
0.84201235;
0.842895;
0.8437776;
0.8446602;
0.8455428;
0.8464254;
0.84730804;
0.84819067;
0.84907323;
0.84995586;
0.8508385;
0.8517211;
0.85260373;
0.8534863;
0.8543689;
0.85525155;
0.8561342;
0.85701674;
0.85789937;
0.858782;
0.8596646;
0.86054724;
0.8614298;
0.86231244;
0.86319506;
0.8640777;
0.86496025;
0.8658429;
0.8667255;
0.86760813;
0.86849076;
0.8693733;
0.87025595;
0.8711386;
0.8720212;
0.8729038;
0.8737864;
0.874669;
0.87555164;
0.87643427;
0.87643427;
0.87731683;
0.87819946;
0.8790821;
0.8799647;
0.88084733;
0.8817299;
0.8826125;
0.88349515;
0.8843778;
0.88526034;
0.88614297;
0.8870256;
0.8879082;
0.88879085;
0.8896734;
0.8896734;
0.89055604;
0.89143866;
0.8923213;
0.89320385;
0.8940865;
0.8949691;
0.89585173;
0.89673436;
0.8976169;
0.89849955;
0.8993822;
0.9002648;
0.9011474;
0.90203;
0.9029126;
0.90379524;
0.90467787;
0.90556043;
0.90644306;
0.9073257;
0.9082083;
0.90909094;
0.9099735;
0.9108561;
0.91173875;
0.9126214;
0.91350394;
0.9143866;
0.9152692;
0.9161518;
0.91703445;
0.917917;
0.91879964;
0.91968226;
0.9205649;
0.92144746;
0.9223301;
0.9232127;
0.92409533;
0.92497796;
0.9258605;
0.92674315;
0.9276258;
0.9285084;
0.929391;
0.9302736;
0.9311562;
0.93203884;
0.93292147;
0.93380404;
0.93468666;
0.9355693;
0.9364519;
0.93733454;
0.9382171;
0.9390997;
0.93998235;
0.940865;
0.94174755;
0.9426302;
0.9426302;
0.9435128;
0.9443954;
0.94527805;
0.9461606;
0.94704324;
0.94792587;
0.9488085;
0.94969106;
0.9505737;
0.9514563;
0.95233893;
0.95322156;
0.9541041;
0.95498675;
0.9558694;
0.956752;
0.9576346;
0.9585172;
0.9576346;
0.9585172;
0.9593998;
0.96028244;
0.9611651;
0.96204764;
0.96293026;
0.9638129;
0.9646955;
0.9646955;
0.96557814;
0.9664607;
0.96734333;
0.96822596;
0.9691086;
0.96999115;
0.9708738;
0.96999115;
0.9691086;
0.96999115;
0.9691086;
0.96822596;
0.9691086;
0.9691086;
0.96999115;
0.9708738;
0.9717564;
0.972639;
0.972639;
0.97352165;
0.9744042;
0.97528684;
0.97616947;
0.9770521;
0.9770521;
0.97793466;
0.97793466;
0.9788173;
0.9788173;
0.9796999;
0.9788173;
0.9788173;
0.9796999;
0.98058254;
0.98146516;
0.9823477;
0.98323035;
0.984113;
0.984113;
0.9849956;
0.9858782;
0.9867608;
0.9876434;
0.9867608;
0.9876434;
0.9876434;
0.98852605;
0.9894087;
0.99029124;
0.99029124;
0.99029124;
0.9894087;
0.99029124;
0.99117386;
0.9920565;
0.9929391;
0.99382174;
0.9947043;
0.99558693;
0.99646956;
0.9973522;
0.99823475;
0.9991174;
1.0;
1.0;
1.0;
1.0;
1.0;
1.0;
1.0;
1.0;
1.0;
1.0;
1.0;
1.0;
1.0;
1.0;
1.0;
1.0;
1.0;
1.0;
1.0;
1.0;
1.0;
1.0;
1.0;
1.0;
1.0;
1.0;
1.0;
1.0;
1.0;
1.0;
1.0;
1.0;
1.0;
1.0;
1.0;
1.0;
1.0;
1.0;
1.0;
1.0;
1.0;
1.0;
1.0;
1.0;
1.0;
1.0;
1.0;
1.0;
1.0;
1.0;
1.0;
1.0;
1.0;
1.0;
1.0;
1.0;
1.0;
1.0;
1.0;
1.0;
1.0;
1.0;
1.0;
1.0;
1.0;
1.0;
1.0;
1.0;
1.0;
1.0;
1.0;
1.0;
1.0;
1.0;
1.0;
1.0;
1.0;
1.0;
1.0;
1.0;
1.0;
1.0;
1.0;
1.0;
1.0;
1.0;
1.0;
1.0;
1.0;
1.0;
1.0;
1.0;
1.0;
1.0;
1.0;
1.0;
1.0;
1.0;
1.0;
1.0;
1.0;
1.0;
1.0;
1.0;
1.0;
1.0;
1.0;
1.0;
1.0;
1.0;
1.0;
1.0;
1.0;
1.0;
1.0;
1.0;
1.0;
1.0;
1.0;
1.0;
1.0;
1.0;
1.0;
1.0;
1.0;
1.0;
1.0;
1.0;
1.0;
1.0;
1.0;
1.0;
1.0;
1.0;
1.0;
1.0;
1.0;
1.0;
1.0;
1.0;
1.0;
1.0;
1.0;
1.0;
1.0;
1.0;
1.0;
1.0;
1.0;
1.0;
1.0;
1.0;
1.0;
1.0;
1.0;
1.0;
1.0;
1.0;
1.0;
1.0;
1.0;
1.0;
1.0;
1.0;
1.0;
1.0;
1.0;
1.0;
1.0;
1.0;
1.0;
1.0;
1.0;
1.0;
1.0;
1.0;
1.0;
1.0;
1.0;
1.0;
1.0;
1.0;
1.0;
1.0;
1.0;
1.0;
1.0;
1.0;
1.0;
1.0;
1.0;
1.0;
1.0;
1.0;
1.0;
1.0;
1.0;
1.0;
1.0;
1.0;
1.0;
1.0;
1.0;
1.0;
1.0;
1.0;
1.0;
1.0;
1.0;
1.0;
1.0;
1.0;
1.0;
1.0;
1.0;
1.0;
1.0;
1.0;
1.0;
1.0;
1.0;
1.0;
1.0;
1.0;
1.0;
1.0;
1.0;
1.0;
1.0;
1.0;
1.0;
1.0;
1.0;
1.0;
1.0;
1.0;
1.0;
1.0;
1.0;
1.0;
1.0;
1.0;
1.0;
1.0;
1.0;
1.0;
1.0;
1.0;
1.0;
1.0;
1.0;
1.0;
1.0;
1.0;
1.0;
1.0;
1.0;
1.0;
1.0;
1.0;
1.0;
1.0;
1.0;
1.0;
1.0;
1.0;
1.0;
1.0;
1.0;
1.0;
1.0;
1.0;
1.0;
1.0;
1.0;
1.0;
1.0;
1.0;
1.0;
1.0;
1.0;
1.0;
1.0;
1.0;
1.0;
1.0;
1.0;
1.0;
1.0;
1.0;
1.0;
1.0;
1.0;
1.0;
1.0;
1.0;
1.0;
1.0;
1.0;
1.0;
1.0;
1.0;
1.0;
1.0;
1.0;
1.0;
1.0;
1.0;
1.0;
1.0;
1.0;
1.0;
1.0;
1.0;
1.0;
1.0;
1.0;
1.0;
1.0;
1.0;
1.0;
1.0;
1.0;
1.0;
1.0;
1.0;
1.0;
1.0;
1.0;
1.0;
1.0;
1.0;
1.0;
1.0;
1.0;
1.0;
1.0;
1.0;
1.0;
1.0;
1.0;
1.0;
1.0;
1.0;
1.0;
1.0;
1.0;
1.0;
1.0;
1.0;
1.0;
1.0;
1.0;
1.0;
1.0;
1.0;
1.0;
1.0;
1.0;
1.0;
1.0;
1.0;
1.0;
1.0;
1.0;
1.0;
1.0;
1.0;
1.0;
1.0;
1.0;
1.0;
1.0;
1.0;
1.0;
1.0;
1.0;
1.0;
1.0;
1.0;
1.0;
1.0;
1.0;
1.0;
1.0;
1.0;
1.0;
1.0;
1.0;
1.0;
1.0;
1.0;
1.0;
1.0;
1.0;
1.0;
1.0;
1.0;
1.0;
1.0;
1.0;
1.0;
1.0;
1.0;
1.0;
1.0;
1.0;
1.0;
1.0;
1.0;
1.0;
1.0;
1.0;
1.0;
1.0;
1.0;
1.0;
1.0;
1.0;
1.0;
1.0;
1.0;
1.0;
1.0;
1.0;
1.0;
1.0;
1.0;
1.0;
1.0;
1.0;
1.0;
1.0;
1.0;
1.0;
1.0;
1.0;
1.0;
1.0;
1.0;
1.0;
1.0;
1.0;
1.0;
1.0;
1.0;
1.0;
1.0;
1.0;
1.0;
1.0;
1.0;
1.0;
1.0;
1.0;
1.0;
1.0;
1.0;
1.0;
1.0;
1.0;
1.0;
1.0;
1.0;
1.0;
1.0;
1.0;
1.0;
1.0;
1.0;
1.0;
1.0;
1.0;
1.0;
1.0;
1.0;
1.0;
1.0;
1.0;
1.0;
1.0;
1.0;
1.0;
1.0;
1.0;
1.0;
1.0;
1.0;
1.0;
1.0;
1.0;
1.0;
1.0;
1.0;
1.0;
1.0;
1.0;
1.0;
1.0;
1.0;
1.0;
1.0;
1.0;
1.0;
1.0;
1.0;
1.0;
1.0;
1.0;
1.0;
1.0;
1.0;
1.0;
1.0;
1.0;
1.0;
1.0;
1.0;
1.0;
1.0;
1.0;
1.0;
1.0;
1.0;
1.0;
1.0;
1.0;
1.0;
1.0;
1.0;
1.0;
1.0;
1.0;
1.0;
1.0;
1.0;
1.0;
1.0;
1.0;
1.0;
1.0;
1.0;
1.0;
1.0;
1.0;
1.0;
1.0;
1.0;
1.0;
1.0;
1.0;
1.0;
1.0;
1.0;
1.0;
1.0;
1.0;
1.0;
1.0;
1.0;
1.0;
1.0;
1.0;
1.0;
1.0;
1.0;
1.0;
1.0;
1.0;
1.0;
1.0;
1.0;
1.0;
1.0;
1.0;
1.0;
1.0;
1.0;
1.0;
1.0;
1.0;
1.0;
1.0;
1.0;
1.0;
1.0;
1.0;
1.0;
1.0;
1.0;
1.0;
1.0;
1.0;
1.0;
1.0;
1.0;
1.0;
1.0;
1.0;
1.0;
1.0;
1.0;
1.0;
1.0;
1.0;
1.0;
1.0;
1.0;
1.0;
1.0;
1.0;
1.0;
1.0;
1.0;
1.0;
1.0;
1.0;
1.0;
1.0;
1.0;
1.0;
1.0;
1.0;
1.0;
1.0;
1.0;
1.0;
1.0;
1.0;
1.0;
1.0;
1.0;
1.0;
1.0;
1.0;
1.0;
1.0;
1.0;
0.9991174;
0.99823475;
0.9973522;
0.99646956;
0.99558693;
0.9947043;
0.99382174;
0.9929391;
0.9920565;
0.99117386;
0.99029124;
0.9894087;
0.98852605;
0.9876434;
0.9867608;
0.9858782;
0.9849956;
0.984113;
0.98323035;
0.9823477;
0.98146516;
0.98058254;
0.9796999;
0.9788173;
0.97793466;
0.9770521;
0.97616947;
0.97528684;
0.9744042;
0.97352165;
0.972639;
0.9717564;
0.9708738;
0.96999115;
0.9691086;
0.96822596;
0.96734333;
0.9664607;
0.96557814;
0.9646955;
0.9638129;
0.96293026;
0.96204764;
0.9611651;
0.96028244;
0.9593998;
0.9585172;
0.9576346;
0.956752;
0.9558694;
0.95498675;
0.9541041;
0.95322156;
0.95233893;
0.9514563;
0.9505737;
0.94969106;
0.9488085;
0.94792587;
0.94704324;
0.9461606;
0.94527805;
0.9443954;
0.9435128;
0.9426302;
0.94174755;
0.940865;
0.93998235;
0.9390997;
0.9382171;
0.93733454;
0.9364519;
0.9355693;
0.93468666;
0.93380404;
0.93292147;
0.93203884;
0.9311562;
0.9302736;
0.929391;
0.9285084;
0.9276258;
0.92674315;
0.9258605;
0.92497796;
0.92409533;
0.9232127;
0.9223301;
0.92144746;
0.9205649;
0.91968226;
0.91879964;
0.917917;
0.91703445;
0.9161518;
0.9152692;
0.9143866;
0.91350394;
0.9126214;
0.91173875;
0.9108561;
0.9099735;
0.90909094;
0.9082083;
0.9073257;
0.90644306;
0.90556043;
0.90467787;
0.90379524;
0.9029126;
0.90203;
0.9011474;
0.9002648;
0.8993822;
0.89849955;
0.8976169;
0.89673436;
0.89585173;
0.8949691;
0.8940865;
0.89320385;
0.8923213;
0.89143866;
0.89055604;
0.8896734;
0.88879085;
0.8879082;
0.8870256;
0.88614297;
0.88526034;
0.8843778;
0.88349515;
0.8826125;
0.8817299;
0.88084733;
0.8799647;
0.8790821;
0.87819946;
0.87731683;
0.87643427;
0.87555164;
0.874669;
0.8737864;
0.8729038;
0.8720212;
0.8711386;
0.87025595;
0.8693733;
0.86849076;
0.86760813;
0.8667255;
0.8658429;
0.86496025;
0.8640777;
0.86319506;
0.86231244;
0.8614298;
0.86054724;
0.8596646;
0.858782;
0.85789937;
0.85701674;
0.8561342;
0.85525155;
0.8543689;
0.8534863;
0.85260373;
0.8517211;
0.8508385;
0.84995586;
0.84907323;
0.84819067;
0.84730804;
0.8464254;
0.8455428;
0.8446602;
0.8437776;
0.842895;
0.84201235;
0.8411297;
0.84024715;
0.8393645;
0.8384819;
0.8375993;
0.83671665;
0.8358341;
0.83495146;
0.83406883;
0.8331862;
0.83230364;
0.831421;
0.8305384;
0.82965577;
0.82877314;
0.8278906;
0.82700795;
0.8261253;
0.8252427;
0.82436013;
0.8234775;
0.8225949;
0.82171226;
0.82082963;
0.81994706;
0.81906444;
0.8181818;
0.8172992;
0.8164166;
0.815534;
0.81465137;
0.81376874;
0.8128861;
0.81200355;
0.8111209;
0.8102383;
0.8093557;
0.80847305;
0.8075905;
0.80670786;
0.80582523;
0.8049426;
0.80406004;
0.8031774;
0.8022948;
0.80141217;
0.80052954;
0.799647;
0.79876435;
0.7978817;
0.7969991;
0.79611653;
0.7952339;
0.7943513;
0.79346865;
0.792586;
0.79170346;
0.79082084;
0.7899382;
0.7890556;
0.788173;
0.7872904;
0.78640777;
0.78552514;
0.7846425;
0.78375995;
0.7828773;
0.7819947;
0.7811121;
0.7802295;
0.7793469;
0.77846426;
0.77758163;
0.776699;
0.77581644;
0.7749338;
0.7740512;
0.77316856;
0.77228594;
0.7714034;
0.77052075;
0.7696381;
0.7687555;
0.7678729;
0.7669903;
0.7661077;
0.76522505;
0.7643424;
0.76345986;
0.76257724;
0.7616946;
0.760812;
0.7599294;
0.7590468;
0.75816417;
0.75728154;
0.7563989;
0.75551635;
0.7546337;
0.7537511;
0.7528685;
0.7519859;
0.7511033;
0.75022066;
0.74933803;
0.7484554;
0.74757284;
0.7466902;
0.7458076;
0.74492496;
0.74404234;
0.7431598;
0.74227715;
0.7413945;
0.7405119;
0.7396293;
0.7387467;
0.7378641;
0.73698145;
0.7360988;
0.73521626;
0.73433363;
0.733451;
0.7325684;
0.7316858;
0.7308032;
0.72992057;
0.72903794;
0.7281553;
0.72727275;
0.7263901;
0.7255075;
0.7246249;
0.7237423;
0.7228597;
0.72197706;
0.7210944;
0.7202118;
0.71932924;
0.7184466;
0.717564;
0.71668136;
0.71579874;
0.71491617;
0.71403354;
0.7131509;
0.7122683;
0.7113857;
0.7105031;
0.7096205;
0.70873785;
0.7078552;
0.70697266;
0.70609003;
0.7052074;
0.7043248;
0.7034422;
0.7025596;
0.70167696;
0.70079434;
0.6999117;
0.69902915;
0.6981465;
0.6972639;
0.6963813;
0.6954987;
0.6946161;
0.69373345;
0.6928508;
0.6919682;
0.69108564;
0.690203;
0.6893204;
0.68843776;
0.68755513;
0.68667257;
0.68578994;
0.6849073;
0.6840247;
0.6831421;
0.6822595;
0.6813769;
0.68049425;
0.6796116;
0.67872906;
0.67784643;
0.6769638;
0.6760812;
0.6751986;
0.674316;
0.67343336;
0.67255074;
0.6716681;
0.67078555;
0.6699029;
0.6690203;
0.66813767;
0.6672551;
0.6663725;
0.66548985;
0.6646072;
0.6637246;
0.66284204;
0.6619594;
0.6610768;
0.66019416;
0.65931153;
0.65842897;
0.65754634;
0.6566637;
0.6557811;
0.6548985;
0.6540159;
0.6531333;
0.65225065;
0.651368;
0.65048546;
0.64960283;
0.6487202;
0.6478376;
0.646955;
0.6460724;
0.64518976;
0.64430714;
0.6434245;
0.64254194;
0.6416593;
0.6407767;
0.63989407;
0.6390115;
0.6381289;
0.63724625;
0.6363636;
0.635481;
0.63459843;
0.6337158;
0.6328332;
0.63195056;
0.63106793;
0.63018537;
0.62930274;
0.6284201;
0.6275375;
0.6266549;
0.6257723;
0.6248897;
0.62400705;
0.6231244;
0.62224185;
0.6213592;
0.6204766;
0.619594;
0.6187114;
0.6178288;
0.61694616;
0.61606354;
0.6151809;
0.61429834;
0.6134157;
0.6125331;
0.61165047;
0.6107679;
0.6098853;
0.60900265;
0.60812;
0.6072374;
0.60635483;
0.6054722;
0.6045896;
0.60370696;
0.60282433;
0.60194176;
0.60105914;
0.6001765;
0.5992939;
0.5984113;
0.5975287;
0.5966461;
0.59576344;
0.5948808;
0.59399825;
0.5931156;
0.592233;
0.5913504;
0.5904678;
0.5895852;
0.58870256;
0.58781993;
0.5869373;
0.58605474;
0.5851721;
0.5842895;
0.58340687;
0.5825243;
0.5816417;
0.58075905;
0.5798764;
0.5789938;
0.57811123;
0.5772286;
0.576346;
0.57546335;
0.5745808;
0.57369816;
0.57281554;
0.5719329;
0.5710503;
0.5701677;
0.5692851;
0.56840247;
0.56751984;
0.5666372;
0.56575465;
0.564872;
0.5639894;
0.5631068;
0.5622242;
0.5613416;
0.56045896;
0.55957633;
0.5586937;
0.55781114;
0.5569285;
0.5560459;
0.55516326;
0.5542807;
0.5533981;
0.55251545;
0.5516328;
0.5507502;
0.54986763;
0.548985;
0.5481024;
0.54721975;
0.5463372;
0.54545456;
0.54457194;
0.5436893;
0.5428067;
0.5419241;
0.5410415;
0.54015887;
0.53927624;
0.5383936;
0.53751105;
0.5366284;
0.5357458;
0.5348632;
0.5339806;
0.533098;
0.53221536;
0.53133273;
0.5304501;
0.52956754;
0.5286849;
0.5278023;
0.52691966;
0.5260371;
0.5251545;
0.52427185;
0.5233892;
0.5225066;
0.521624;
0.5207414;
0.5198588;
0.51897615;
0.5180936;
0.51721096;
0.51632833;
0.5154457;
0.5145631;
0.5136805;
0.5127979;
0.51191527;
0.51103264;
0.51015;
0.50926745;
0.5083848;
0.5075022;
0.5066196;
0.505737;
0.5048544;
0.50397176;
0.50308913;
0.5022065;
0.50132394;
0.5004413;
0.4995587;
0.4986761;
0.49779347;
0.49691087;
0.49602824;
0.49514562;
0.49426302;
0.4933804;
0.4924978;
0.49161518;
0.49073258;
0.48984995;
0.48896733;
0.48808473;
0.4872021;
0.4863195;
0.4854369;
0.4845543;
0.48367167;
0.48278907;
0.48190644;
0.48102382;
0.48014122;
0.4792586;
0.478376;
0.47749338;
0.47661078;
0.47572815;
0.47484553;
0.47396293;
0.4730803;
0.4721977;
0.4713151;
0.4704325;
0.46954986;
0.46866727;
0.46778464;
0.46690202;
0.46601942;
0.4651368;
0.4642542;
0.46337157;
0.46248898;
0.46160635;
0.46072373;
0.45984113;
0.4589585;
0.4580759;
0.4571933;
0.4563107;
0.45542806;
0.45454547;
0.45366284;
0.45278022;
0.45189762;
0.451015;
0.4501324;
0.44924977;
0.44836718;
0.44748455;
0.44660193;
0.44571933;
0.4448367;
0.4439541;
0.44307148;
0.4421889;
0.44130626;
0.44042367;
0.43954104;
0.43865842;
0.43777582;
0.4368932;
0.4360106;
0.43512797;
0.43424538;
0.43336275;
0.43248013;
0.43159753;
0.4307149;
0.4298323;
0.42894968;
0.4280671;
0.42718446;
0.42630187;
0.42541924;
0.42453662;
0.42365402;
0.4227714;
0.4218888;
0.42100617;
0.42012358;
0.41924095;
0.41835833;
0.41747573;
0.4165931;
0.4157105;
0.41482788;
0.4139453;
0.41306266;
0.41218007;
0.41129744;
0.41041481;
0.40953222;
0.4086496;
0.407767;
0.40688437;
0.40600178;
0.40511915;
0.40423653;
0.40335393;
0.4024713;
0.4015887;
0.40070608;
0.3998235;
0.39894086;
0.39805827;
0.39717564;
0.396293;
0.39541042;
0.3945278;
0.3936452;
0.39276257;
0.39187998;
0.39099735;
0.39011475;
0.38923213;
0.3883495;
0.3874669;
0.38658428;
0.3857017;
0.38481906;
0.38393646;
0.38305384;
0.3821712;
0.38128862;
0.380406;
0.3795234;
0.37864077;
0.37775818;
0.37687555;
0.37599295;
0.37511033;
0.3742277;
0.3733451;
0.37246248;
0.3715799;
0.37069726;
0.36981466;
0.36893204;
0.3680494;
0.36716682;
0.3662842;
0.3654016;
0.36451897;
0.36363637;
0.36275375;
0.36187115;
0.36098853;
0.3601059;
0.3592233;
0.35834068;
0.35745808;
0.35657546;
0.35569286;
0.35481024;
0.3539276;
0.35304502;
0.3521624;
0.3512798;
0.35039717;
0.34951457;
0.34863195;
0.34774935;
0.34686673;
0.3459841;
0.3451015;
0.34421888;
0.34333628;
0.34245366;
0.34157106;
0.34068844;
0.3398058;
0.33892322;
0.3380406;
0.337158;
0.33627537;
0.33539277;
0.33451015;
0.33362755;
0.33274493;
0.3318623;
0.3309797;
0.33009708;
0.32921448;
0.32833186;
0.32744926;
0.32656664;
0.325684;
0.32480142;
0.3239188;
0.3230362;
0.32215357;
0.32127097;
0.32038835;
0.31950575;
0.31862313;
0.3177405;
0.3168579;
0.31597528;
0.31509268;
0.31421006;
0.31332746;
0.31244484;
0.3115622;
0.3106796;
0.309797;
0.3089144;
0.30803177;
0.30714917;
0.30626655;
0.30538395;
0.30450132;
0.3036187;
0.3027361;
0.30185348;
0.30097088;
0.30008826;
0.29920566;
0.29832304;
0.2974404;
0.2965578;
0.2956752;
0.2947926;
0.29390997;
0.29302737;
0.29214475;
0.29126215;
0.29037952;
0.2894969;
0.2886143;
0.28773168;
0.28684908;
0.28596646;
0.28508386;
0.28420123;
0.2833186;
0.282436;
0.2815534;
0.2806708;
0.27978817;
0.27890557;
0.27802294;
0.27714035;
0.27625772;
0.2753751;
0.2744925;
0.27360988;
0.27272728;
0.27184466;
0.27096206;
0.27007943;
0.2691968;
0.2683142;
0.2674316;
0.266549;
0.26566637;
0.26478377;
0.26390114;
0.26301855;
0.26213592;
0.2612533;
0.2603707;
0.25948808;
0.25860548;
0.25772285;
0.25684026;
0.25595763;
0.255075;
0.2541924;
0.2533098;
0.2524272;
0.25154456;
0.25066197;
0.24977934;
0.24889673;
0.24801412;
0.24713151;
0.2462489;
0.24536629;
0.24448366;
0.24360105;
0.24271844;
0.24183583;
0.24095322;
0.24007061;
0.239188;
0.23830539;
0.23742276;
0.23654015;
0.23565754;
0.23477493;
0.23389232;
0.23300971;
0.2321271;
0.23124449;
0.23036186;
0.22947925;
0.22859664;
0.22771403;
0.22683142;
0.22594881;
0.2250662;
0.22418359;
0.22330096;
0.22241835;
0.22153574;
0.22065313;
0.21977052;
0.21888791;
0.2180053;
0.21712269;
0.21624006;
0.21535745;
0.21447484;
0.21359223;
0.21270962;
0.21182701;
0.2109444;
0.21006179;
0.20917916;
0.20829655;
0.20741394;
0.20653133;
0.20564872;
0.20476611;
0.2038835;
0.20300089;
0.20211826;
0.20123565;
0.20035304;
0.19947043;
0.19858782;
0.19770521;
0.1968226;
0.19593999;
0.19505738;
0.19417475;
0.19329214;
0.19240953;
0.19152692;
0.19064431;
0.1897617;
0.18887909;
0.18799648;
0.18711385;
0.18623124;
0.18534863;
0.18446602;
0.18358341;
0.1827008;
0.18181819;
0.18093558;
0.18005295;
0.17917034;
0.17828773;
0.17740512;
0.17652251;
0.1756399;
0.17475729;
0.17387468;
0.17299205;
0.17210944;
0.17122683;
0.17034422;
0.16946161;
0.168579;
0.16769639;
0.16681378;
0.16593115;
0.16504854;
0.16416593;
0.16328332;
0.16240071;
0.1615181;
0.16063549;
0.15975288;
0.15887025;
0.15798764;
0.15710503;
0.15622242;
0.1553398;
0.1544572;
0.15357459;
0.15269198;
0.15180935;
0.15092674;
0.15004413;
0.14916152;
0.1482789;
0.1473963;
0.14651369;
0.14563107;
0.14474845;
0.14386584;
0.14298323;
0.14210062;
0.141218;
0.1403354;
0.13945279;
0.13857017;
0.13768755;
0.13680494;
0.13592233;
0.13503972;
0.1341571;
0.1332745;
0.13239188;
0.13150927;
0.13062665;
0.12974404;
0.12886143;
0.12797882;
0.1270962;
0.1262136;
0.12533098;
0.12444837;
0.123565756;
0.122683145;
0.12180053;
0.12091792;
0.120035306;
0.119152695;
0.11827008;
0.117387466;
0.116504855;
0.115622245;
0.11473963;
0.113857016;
0.112974405;
0.112091795;
0.11120918;
0.110326566;
0.109443955;
0.108561344;
0.10767873;
0.106796116;
0.105913505;
0.105030894;
0.104148276;
0.103265665;
0.102383055;
0.101500444;
0.100617826;
0.099735215;
0.098852605;
0.097969994;
0.097087376;
0.096204765;
0.095322154;
0.094439544;
0.093556926;
0.092674315;
0.091791704;
0.09090909;
0.090026475;
0.089143865;
0.088261254;
0.08737864;
0.086496025;
0.085613415;
0.084730804;
0.08384819;
0.082965575;
0.082082964;
0.081200354;
0.08031774;
0.079435125;
0.078552514;
0.0776699;
0.07678729;
0.075904675;
0.075022064;
0.07413945;
0.07325684;
0.072374225;
0.071491614;
0.070609;
0.06972639;
0.068843774;
0.067961164;
0.06707855;
0.06619594;
0.065313324;
0.06443071;
0.0635481;
0.06266549;
0.061782878;
0.060900263;
0.060017653;
0.05913504;
0.058252428;
0.057369813;
0.056487203;
0.05560459;
0.054721978;
0.053839363;
0.052956752;
0.052074138;
0.051191527;
0.050308913;
0.049426302;
0.048543688;
0.047661077;
0.046778463;
0.045895852;
0.045013238;
0.044130627;
0.043248013;
0.042365402;
0.041482788;
0.040600177;
0.039717562;
0.03883495;
0.037952337;
0.037069727;
0.036187112;
0.0353045;
0.034421887;
0.033539277;
0.032656662;
0.03177405;
0.030891439;
0.030008826;
0.029126214;
0.028243601;
0.027360989;
0.026478376;
0.025595764;
0.024713151;
0.023830539;
0.022947926;
0.022065314;
0.021182701;
0.020300088;
0.019417476;
0.018534863;
0.01765225;
0.016769638;
0.015887026;
0.015004413;
0.014121801;
0.013239188;
0.012356576;
0.011473963;
0.0105913505;
0.009708738;
0.008826125;
0.007943513;
0.0070609003;
0.006178288;
0.0052956752;
0.0044130627;
0.0035304502;
0.0026478376;
0.0017652251;
8.8261254E-4;
